Pos	A	C	G	U
1	0.42857142857143	0	0.28571428571429	0.28571428571429
2	0	0.42857142857143	0.57142857142857	0
3	0.28571428571429	0.28571428571429	0.42857142857143	0
4	0	0	0.14285714285714	0.85714285714286
5	0.14285714285714	0.28571428571429	0.28571428571429	0.28571428571429
6	0.42857142857143	0.28571428571429	0.14285714285714	0.14285714285714
7	0.28571428571429	0.28571428571429	0.42857142857143	0
8	0.14285714285714	0.57142857142857	0.14285714285714	0.14285714285714
9	0.28571428571429	0	0	0.71428571428571
10	0	0	0	1
11	0	1	0	0
12	1	0	0	0
13	0	0.71428571428571	0	0.28571428571429
14	0.28571428571429	0.57142857142857	0.14285714285714	0
15	0	1	0	0
16	0	1	0	0
