Pos	A	C	G	U
1	0.42105263157895	0.31578947368421	0.052631578947368	0.21052631578947
2	0.090909090909091	0.18181818181818	0	0.72727272727273
3	0.090909090909091	0.45454545454545	0.13636363636364	0.31818181818182
4	0.39130434782609	0.52173913043478	0.043478260869565	0.043478260869565
5	0	0	0	1
6	0.037037037037037	0	0	0.96296296296296
7	0	0	0.037037037037037	0.96296296296296
8	0.25925925925926	0.11111111111111	0.14814814814815	0.48148148148148
9	0.11111111111111	0.14814814814815	0.11111111111111	0.62962962962963
10	0.36	0.08	0.12	0.44
11	0.090909090909091	0	0.090909090909091	0.81818181818182
12	0.15	0	0.05	0.8
13	0.17647058823529	0.41176470588235	0.058823529411765	0.35294117647059
14	0.14285714285714	0.14285714285714	0.42857142857143	0.28571428571429
