Pos	A	C	G	U
1	0.7906976744186	0.13953488372093	0.023255813953488	0.046511627906977
2	0.069767441860465	0.023255813953488	0.83720930232558	0.069767441860465
3	0.93023255813953	0.069767441860465	0	0
4	0	0.97674418604651	0	0.023255813953488
5	0.13953488372093	0.023255813953488	0.3953488372093	0.44186046511628
6	0.95348837209302	0.023255813953488	0	0.023255813953488
7	0	0.88372093023256	0.046511627906977	0.069767441860465
8	0.11627906976744	0	0.88372093023256	0
9	0.72093023255814	0.11627906976744	0	0.16279069767442
10	0.069767441860465	0.2093023255814	0.13953488372093	0.58139534883721
