Pos	A	C	G	U
1	0.35294117647059	0.23529411764706	0.17647058823529	0.23529411764706
2	0.14705882352941	0.47058823529412	0.088235294117647	0.29411764705882
3	0.29411764705882	0.11764705882353	0.26470588235294	0.32352941176471
4	0.32352941176471	0.23529411764706	0.23529411764706	0.20588235294118
5	0.029411764705882	0.67647058823529	0.17647058823529	0.11764705882353
6	0	0.17647058823529	0.058823529411765	0.76470588235294
7	0.029411764705882	0	0	0.97058823529412
8	0.41176470588235	0.11764705882353	0.20588235294118	0.26470588235294
9	0.14705882352941	0.41176470588235	0.14705882352941	0.29411764705882
10	0.17647058823529	0.20588235294118	0.35294117647059	0.26470588235294
11	0.23529411764706	0.52941176470588	0.088235294117647	0.14705882352941
