Pos	A	C	G	U
1	0.55555555555556	0.11111111111111	0.11111111111111	0.22222222222222
2	0.22222222222222	0	0.55555555555556	0.22222222222222
3	0.027777777777778	0	0.94444444444444	0.027777777777778
4	0.97222222222222	0.027777777777778	0	0
5	0.055555555555556	0.91666666666667	0.027777777777778	0
6	0.55555555555556	0	0.38888888888889	0.055555555555556
7	0.27777777777778	0	0.69444444444444	0.027777777777778
8	0.94444444444444	0.027777777777778	0.027777777777778	0
9	0.22222222222222	0.055555555555556	0.72222222222222	0
10	0	0.97222222222222	0	0.027777777777778
